       7
       5
      12
     191
     499
     139
     328
      54
     114
     169
     176
     189
    1041
     341
     431
     520
     537
     670
     668
     895
    1013
     926
     982
     989
     128
     231
    1062
    1064
    1072
    1089
    1096
      28
     932
     259
     995
      29
      33
     250
     144
     230
    1036
     280
      62
    1037
      99
     294
     323
     107
     120
      80
     143
     216
     961
     208
     210
     272
     972
     254
     905
     432
     498
     996
     667
     696
     973
    1005
    1075
     640
     814
     815
     829
     853
     831
     332
     334
     338
     679
     459
     461
     495
     870
     476
     489
     491
     532
     516
     521
     900
     541
     545
     571
     591
     597
     635
     650
     665
     693
     813
     850
     861
     879
     898
    1094
     939
     952
    1000
     336
     468
     416
     421
     425
     472
     474
     514
     567
     565
     859
     599
     615
     633
     642
     646
     653
     663
     691
     817
     836
     848
     874
     889
     891
     976
     321
     248
     463
     118
     141
     165
     205
     969
     318
     320
     530
     343
     375
     377
     379
     381
     674
     387
     954
     419
     423
     427
     429
     435
     437
     478
     573
     485
     893
     876
     587
     589
     672
     937
     816
     851
    1085
     868
     896
     911
     913
    1081
     935
     950
    1028
     314
     316
     347
     349
     351
     369
     371
     389
     391
     683
     397
     547
     414
     439
     451
     563
     457
     512
     619
     685
     838
     846
     872
     312
     353
     555
     553
     359
     363
     365
     549
     840
     441
     551
     447
     557
     661
     510
     561
     612
     613
     631
     644
     648
     657
     689
     812
     819
     823
     827
     842
     857
     310
     361
     408
     445
     506
     508
     617
     621
     623
     625
     629
     825
     302
     404
     306
     308
     406
     502
     504
     610
     400
     608
     700
     702
     806
     808
     701
     703
     704
     705
     706
     707
     708
     709
     710
     711
     712
     713
     714
     719
     716
     718
     722
     721
     723
     724
     725
     726
     727
     728
     730
     731
     733
     734
     736
     737
     738
     739
     740
     741
     742
     745
     746
     747
     748
     749
     750
     810
     751
     752
     753
     754
     755
     756
     757
     758
     759
     760
     761
     769
     763
     764
     765
     773
     768
     770
     771
     772
     774
     775
     777
     778
     779
     780
     781
     782
     783
     785
     786
     787
     789
     790
     791
     792
     793
     795
     797
     798
     600
     602
     604
     606
     802
     804
     305
     309
     311
     352
     354
     356
     630
     360
     362
     364
     366
     368
     392
     396
     409
     446
     450
     452
     454
     505
     507
     552
     554
     558
     560
     562
     601
     605
     609
     622
     624
     628
     658
     684
     688
     801
     824
     826
     828
     839
     841
     301
     303
     307
     401
     503
     405
     407
     501
     603
     607
     626
     803
     807
     903
      53
      45
    1027
      49
     327
    1003
     115
    1084
     147
    1073
     977
     277
     317
     319
     675
     430
     436
     467
     494
     531
     666
     832
     833
    1097
     901
     919
     936
     951
     979
    1021
     990
    1001
    1067
    1086
    1093
     329
     346
     378
     942
     382
     867
     479
     852
     590
     492
     515
     526
     535
     542
     652
     699
     818
     875
     921
     938
     940
     953
     966
    1080
     376
     384
     415
     422
     426
     428
     469
     471
     473
     475
     477
     524
     568
     570
     592
     594
     618
     616
     634
     639
     899
     664
     673
     680
     694
     811
     860
     869
     880
     892
      26
      90
       8
    1033
    1012
     162
      68
      40
     108
      98
      30
    1019
     142
     669
     132
      84
     101
     140
     908
     164
     179
     994
     986
     579
     206
     211
     260
     236
     266
     296
     434
     484
     496
     540
     572
     912
     865
     929
     957
    1054
     586
    1053
     111
     121
     201
     268
     289
     324
     420
     433
     614
     636
     864
     944
     960
    1015
    1039
    1043
     313
     315
     331
     333
     335
     337
     348
     374
     386
     413
     424
     438
     458
     513
     544
     546
     566
     598
     641
     647
     654
     682
     820
     830
     854
     871
     882
     350
     370
     372
     390
     394
     398
     411
     440
     442
     456
     509
     511
     620
     632
     643
     645
     656
     660
     662
     686
     690
     805
     809
     822
     837
     845
     847
     856
     858
     884
     886
     888
