       64 atoms,Iteration =   0, Etot,Ep,Ek =  -0.2178432860E+04  -0.2178432860E+04   0.0000000000E+00, Average Force=  0.10460E+00, Max force=  0.14515E+01
 Lattice vector (Angstrom), stress(eV)
   0.1113377688E+02    0.0000000000E+00    0.0000000000E+00     stress: -0.826217E-03  0.827297E-03  0.294383E-04
  -0.2157778423E+00    0.1122319209E+02    0.0000000000E+00     stress:  0.827299E-03 -0.145703E-02  0.991776E-04
   0.5380118125E-01   -0.5867184465E-01    0.1099259361E+02     stress:  0.294225E-04  0.991878E-04  0.226663E-03
 Position (normalized), move_x, move_y, move_z
  14      0.132850892      0.360926957      0.115942611     1  1  1
  14      0.877417531      0.348918838      0.360362635     1  1  1
  14      0.882815884      0.353011053      0.863120237     1  1  1
  14      0.869505657      0.860714375      0.369900876     1  1  1
  14      0.875859506      0.859287261      0.867468619     1  1  1
  14      0.249947305      0.985162457      0.991403884     1  1  1
  14      0.246820400      0.982937206      0.490747697     1  1  1
  14      0.241694215      0.486904052      0.978113117     1  1  1
  14      0.250830450      0.476329674      0.490344699     1  1  1
  14      0.752975777      0.984661065      0.990939936     1  1  1
  14      0.741116182      0.988120575      0.493712421     1  1  1
  14      0.749335082      0.487103535      0.967014736     1  1  1
  14      0.375753665      0.359660163      0.869669192     1  1  1
  14      0.371378989      0.863005060      0.364426280     1  1  1
  14      0.368862579      0.861696123      0.862272394     1  1  1
  14      0.757328446      0.481459451      0.478285670     1  1  1
  14      0.368248061      0.610267631      0.609846979     1  1  1
  14      0.881181500      0.102555286      0.120461107     1  1  1
  14      0.879251090      0.097075182      0.612276797     1  1  1
  14      0.864745949      0.606215133      0.108721385     1  1  1
  14      0.879789923      0.608632625      0.613085523     1  1  1
  14      0.250414122      0.234219714      0.233721003     1  1  1
  14      0.254110602      0.235708949      0.738459939     1  1  1
  14      0.248376475      0.733922609      0.237838320     1  1  1
  14      0.242443191      0.733751812      0.736767890     1  1  1
  14      0.749459137      0.224611206      0.231877944     1  1  1
  14      0.756971315      0.232144037      0.729943295     1  1  1
  14      0.379074565      0.113978470      0.106733683     1  1  1
  14      0.382063446      0.109389873      0.615688184     1  1  1
  14      0.368431172      0.610141520      0.109004303     1  1  1
  14      0.383263877      0.359422218      0.355956032     1  1  1
  14      0.486782267      0.748848600      0.486974248     1  1  1
  14      0.484109858      0.739976917      0.982124909     1  1  1
  14      0.115272636      0.847855924      0.605910692     1  1  1
  14      0.636462497      0.357426965      0.108424822     1  1  1
  14      0.626348892      0.357992379      0.609615004     1  1  1
  14      0.618275367      0.858494980      0.114945576     1  1  1
  14      0.622939332      0.864749666      0.614973158     1  1  1
  14      0.998374449      0.972108125      0.241277909     1  1  1
  14      1.009445812      0.982978824      0.739028503     1  1  1
  14      0.997044596      0.475066420      0.233019621     1  1  1
  14      1.004876278      0.474153631      0.727559872     1  1  1
  14      0.495804868      0.983119944      0.235956144     1  1  1
  14      0.500844441      0.995339231      0.739424224     1  1  1
  14      0.503428730      0.493108570      0.226551630     1  1  1
  14      0.128193353      0.345226912      0.608093071     1  1  1
  14      0.121038511      0.854795178      0.115054740     1  1  1
  14      0.492092919      0.485353694      0.735407884     1  1  1
  14      0.127742879      0.598693293      0.358431335     1  1  1
  14      0.110561271      0.605494572      0.861092508     1  1  1
  14      0.622075500      0.104372638      0.366004616     1  1  1
  14      0.627026221      0.110974306      0.864400190     1  1  1
  14      0.616353428      0.611859612      0.370330256     1  1  1
  14      0.613242175      0.620395614      0.858830076     1  1  1
  14      1.000724779      0.232211060      0.993650852     1  1  1
  14      0.997372692      0.225718580      0.481031155     1  1  1
  14      0.993792414      0.731695726      0.983635017     1  1  1
  14      0.992616836      0.726947460      0.475542914     1  1  1
  14      0.505413452      0.239629560      0.979832457     1  1  1
  14      0.497136953      0.235728082      0.486290151     1  1  1
  14      0.131149426      0.101282253      0.358096564     1  1  1
  14      0.133702501      0.110070441      0.869440856     1  1  1
  14      0.743626493      0.732308601      0.237253381     1  1  1
  14      0.752901473      0.740488688      0.731471597     1  1  1
 Force (-force, eV/Angstrom)
  14      0.808625123      0.291898308      0.618223425
  14      0.366216320     -0.224020264      0.256427925
  14      0.426650396     -0.165176819      0.589950768
  14      0.565269680      0.531785925      0.719410724
  14      0.025543002     -0.476482520      0.750998375
  14      0.079722424      0.230298365     -0.028526004
  14     -0.271490672     -0.043865253     -0.246638137
  14     -0.458377396      0.138802851     -0.828527275
  14     -0.169786212     -0.149144514      0.977173871
  14      0.536299370      0.183227455      0.028575517
  14     -0.720644140      0.445628363      0.693587845
  14      0.296527863      0.120205668     -0.962439084
  14      0.284331634     -0.482193757      0.994946594
  14      0.600832289     -0.187847979      0.606274013
  14      0.198798533     -0.520194743      0.667690679
  14      0.974298141     -0.152550710     -0.810640466
  14     -0.086758325     -0.117226633     -0.381449730
  14      0.231270910     -0.006962545      0.550651002
  14     -0.067690736     -0.914621222     -0.274354355
  14     -0.570228549      0.124176361     -0.234364167
  14      0.589380913      0.542030844      0.349474009
  14     -0.617349045      0.156547903     -0.267848433
  14     -0.114543449      0.495438800     -0.231388114
  14      0.095354177      0.251250162     -0.035670483
  14      0.103548266      0.195335661      0.060529567
  14      0.028659672     -0.368958222     -0.688549246
  14      0.334027969      0.180955658     -0.603448119
  14     -0.002924171      0.189806272     -0.435770565
  14      1.195551588     -0.195861492      0.436658304
  14     -0.004881701     -0.034742363      0.125567575
  14      0.624577044     -0.195713947     -0.166519459
  14     -1.176178487      1.451548813     -0.614793177
  14     -1.243840545      0.135418532     -0.615235594
  14     -0.663683867     -0.684980874     -0.344693965
  14      0.621343990     -0.674237406      0.250857378
  14     -0.151990357     -0.497662909     -0.136549766
  14     -0.246526277      0.137166517      0.588780497
  14      0.493466315      0.352101084     -0.233000761
  14     -0.183868430     -0.678395548     -0.018362999
  14      0.582128485      0.324278425     -0.223951547
  14      0.050958375     -0.756752201      0.116520467
  14      0.445911426     -0.190178104     -0.327406774
  14     -0.096037564     -0.436821219     -0.052965129
  14      0.052629627      1.358211147     -0.368336291
  14     -0.113651529      0.837807231     -0.361327621
  14      0.239127960     -0.430795840     -0.005409759
  14     -0.212848501      0.184722651      0.383308720
  14     -0.710418008     -0.095087014      0.279414062
  14      0.551133150     -0.336104444     -0.219439444
  14     -0.957440067     -0.246529764      0.438742414
  14      0.154121027     -0.565198561      0.494209880
  14     -0.820101663     -0.216545721      0.228251186
  14     -0.466410730     -0.140694350      0.424341710
  14     -0.757634035      0.559667225      0.407549683
  14     -0.458977679      0.085590724      0.131015234
  14     -0.616357912      0.410309984     -0.136777444
  14     -0.095938890      0.105110166     -0.782211471
  14     -0.675357814      0.112246155     -0.433559893
  14     -0.024191540      0.290973793     -0.907991696
  14     -0.553214392      0.072857742      0.255271846
  14      0.573744800     -0.480728493     -0.185994999
  14      0.692727474     -0.030419358      0.502444365
  14      0.008367762     -0.249583803     -0.290549777
  14      0.478196979      0.450879809     -0.472155890
 -------------------------------------------------
