       64 atoms,Iteration =   0, Etot,Ep,Ek =  -0.2179141548E+04  -0.2179141548E+04   0.0000000000E+00, Average Force=  0.91465E-01, Max force=  0.13044E+01
 Lattice vector (Angstrom), stress(eV)
   0.1113377688E+02    0.0000000000E+00    0.0000000000E+00     stress: -0.801411E-03  0.182987E-02 -0.712711E-03
  -0.2157778423E+00    0.1122319209E+02    0.0000000000E+00     stress:  0.182987E-02 -0.148936E-02  0.382701E-03
   0.5380118125E-01   -0.5867184465E-01    0.1099259361E+02     stress: -0.712712E-03  0.382702E-03  0.300321E-03
 Position (normalized), move_x, move_y, move_z
  14      0.130461456      0.360782108      0.110221486     1  1  1
  14      0.876917905      0.356249884      0.361005796     1  1  1
  14      0.871620601      0.357125191      0.867274853     1  1  1
  14      0.871932111      0.860897259      0.363467453     1  1  1
  14      0.870199104      0.857036347      0.859586949     1  1  1
  14      0.246604104      0.988603717      0.986664329     1  1  1
  14      0.252735405      0.983751035      0.489618755     1  1  1
  14      0.256407688      0.488727828      0.976384681     1  1  1
  14      0.244047174      0.489104867      0.481796216     1  1  1
  14      0.746274106      0.973186843      0.989620866     1  1  1
  14      0.746710677      0.976351870      0.490603054     1  1  1
  14      0.747873357      0.485196210      0.987701391     1  1  1
  14      0.378360589      0.355959642      0.857710231     1  1  1
  14      0.377363276      0.855818317      0.358321261     1  1  1
  14      0.373648948      0.862687195      0.858062286     1  1  1
  14      0.747556320      0.483619668      0.486032704     1  1  1
  14      0.370660742      0.608623025      0.607670059     1  1  1
  14      0.871379022      0.105010693      0.114112287     1  1  1
  14      0.867515062      0.105208639      0.608584310     1  1  1
  14      0.870976645      0.611280216      0.111727955     1  1  1
  14      0.879375975      0.603369408      0.606266386     1  1  1
  14      0.252482607      0.231073245      0.232810390     1  1  1
  14      0.251098993      0.232839126      0.740529514     1  1  1
  14      0.245411309      0.740676406      0.233392600     1  1  1
  14      0.247706028      0.736265334      0.729093632     1  1  1
  14      0.750532864      0.225246470      0.243633131     1  1  1
  14      0.750171775      0.226091313      0.738279817     1  1  1
  14      0.377955155      0.110256315      0.107850799     1  1  1
  14      0.379664887      0.115367403      0.622283534     1  1  1
  14      0.373331924      0.615750410      0.111725226     1  1  1
  14      0.374070551      0.362739003      0.362686927     1  1  1
  14      0.493169272      0.729410201      0.483891263     1  1  1
  14      0.498641921      0.739107669      0.987992496     1  1  1
  14      0.114173078      0.857754475      0.609035523     1  1  1
  14      0.627426668      0.359806500      0.110401607     1  1  1
  14      0.631545509      0.358477900      0.616246742     1  1  1
  14      0.619120291      0.859524578      0.117082469     1  1  1
  14      0.617594925      0.851594931      0.608187680     1  1  1
  14      1.005433575      0.975469403      0.239987040     1  1  1
  14      0.992302469      0.982321419      0.737695788     1  1  1
  14      1.004563156      0.486127868      0.232589332     1  1  1
  14      0.994422988      0.473622735      0.738155188     1  1  1
  14      0.501049374      0.989681811      0.240133502     1  1  1
  14      0.504574694      0.980903373      0.737440161     1  1  1
  14      0.500936876      0.487472514      0.232269116     1  1  1
  14      0.125983940      0.353978016      0.609717801     1  1  1
  14      0.125539482      0.860309206      0.110538063     1  1  1
  14      0.491826931      0.481489976      0.729046328     1  1  1
  14      0.121988530      0.608618624      0.353214186     1  1  1
  14      0.122098466      0.612815918      0.857323607     1  1  1
  14      0.620765624      0.108939310      0.374912432     1  1  1
  14      0.628498742      0.101461886      0.861848472     1  1  1
  14      0.624700653      0.611316669      0.368224292     1  1  1
  14      0.625020238      0.605938071      0.859686107     1  1  1
  14      1.004261190      0.233197011      0.988802133     1  1  1
  14      0.998761962      0.228681916      0.482362051     1  1  1
  14      1.000961922      0.733280662      0.987692294     1  1  1
  14      0.995777265      0.728575123      0.480444396     1  1  1
  14      0.504666567      0.234414414      0.981697349     1  1  1
  14      0.499139249      0.234189684      0.496418788     1  1  1
  14      0.130174921      0.107731137      0.357194138     1  1  1
  14      0.124143532      0.111044350      0.855641565     1  1  1
  14      0.741478596      0.735759038      0.240575618     1  1  1
  14      0.747287909      0.728493662      0.732622372     1  1  1
 Force (-force, eV/Angstrom)
  14     -0.139740113     -0.096997908      0.336476417
  14      0.040954668     -0.398312365      0.122335753
  14     -0.175011488      0.443015940      0.031005718
  14     -0.069862885      0.602241617      0.151894889
  14     -0.228695927      0.514387595     -0.376008315
  14     -0.355538463      0.260289776      0.581611090
  14      0.009710608     -0.166159871      0.051651461
  14      0.520842792      0.187691259     -0.669436198
  14     -0.045429955      0.633239426     -0.036476972
  14     -0.352886916     -0.828836099      0.055917162
  14      0.307461766     -0.347220410      0.361689019
  14     -0.124182889      0.048686908      0.286031613
  14      0.146463502     -0.333344436     -0.506426178
  14      0.525830589     -0.694794965     -0.488466661
  14      0.258891015      0.291602731     -0.419437220
  14     -0.498230569      0.360652806      0.297654839
  14      0.261041887      0.098666035     -0.296559819
  14     -0.806249873      0.345654333      0.028749627
  14     -0.826850702     -0.086926740     -0.299962376
  14     -0.228373202     -0.024454960     -0.461802929
  14      0.573537314     -0.012548540     -0.772663739
  14     -0.159236329     -0.624651555     -0.142986904
  14      0.228324902     -0.367351479      0.660868731
  14     -0.472201929      0.637994089     -0.065595760
  14      0.233110850     -0.120248409     -0.356135209
  14      0.412344239     -0.784611762      0.507675270
  14     -0.089936100     -0.654049916     -0.117118496
  14     -0.052389170     -0.029506644     -0.223856703
  14      0.484350091      1.304447063      0.540347716
  14     -0.037914727      0.462573273      0.176387597
  14     -0.296898787      0.394414200      0.034677631
  14     -0.254418097     -0.289156171      0.092401662
  14     -0.008352779      0.378748350      0.653845394
  14     -0.734389254     -0.147497741      0.097606702
  14      0.057758861      0.534401972     -0.659778619
  14      0.603702772      0.097787872      0.062064091
  14     -0.177340507      0.036590913     -0.003397876
  14     -0.384971891     -0.063741884     -0.514580732
  14      0.823915704     -1.056489214      0.389999859
  14     -0.277687700     -0.232355379      0.378026476
  14      1.096782994      0.673554873      0.380577147
  14     -0.634593559     -0.814570239      0.288000368
  14      0.305366087      0.237235837      0.172522752
  14      0.461250575     -0.144235103      0.254371849
  14      0.172677023      0.151980005     -0.369849113
  14      0.219007333     -0.168542109     -0.079880235
  14      0.163957339      0.044347549      0.297645305
  14     -1.016025124     -0.387489405     -0.348322162
  14     -0.383854388     -0.577336845     -0.656963416
  14     -0.095575447      0.653335335      0.072398504
  14     -0.328591594      0.180217707      0.579949039
  14      0.075520737     -0.169162817     -0.377293876
  14      0.235005364      0.591285485      0.569387088
  14      0.778679597     -0.153645501     -0.185176456
  14      0.689417138      0.096221305     -0.065763819
  14     -0.190595782     -0.057183622     -0.169095038
  14      0.461825786     -0.208086254      0.439854629
  14     -0.198135406     -0.435560898     -0.047277876
  14      0.021063853      0.138974368     -0.172955883
  14     -0.017236120     -0.846158709      0.754456637
  14      0.126745825      0.301788812     -0.589876314
  14      0.465789979      0.537771513     -0.806596139
  14     -0.753224468      0.074386387      0.346037151
  14     -0.346709050      0.007042617      0.225621847
 -------------------------------------------------
