     312
     695
     453
     349
     351
     510
     357
     451
     697
     365
     449
     455
     553
     559
     561
     563
     593
     597
     640
     642
     659
     713
     740
     742
     761
     763
     765
     776
     842
     817
     833
     840
     846
     872
     874
     316
     341
     343
     345
     367
     369
     371
     393
     395
     838
     399
     412
     457
     461
     488
     512
     591
     549
     567
     571
     599
     613
     797
     693
     876
     680
     715
     735
     754
     767
     793
     835
     848
     855
     857
     859
     870
     887
     310
     355
     408
     508
     619
     633
     644
     646
     648
     661
     663
     667
     710
     717
     719
     729
     731
     733
     744
     748
     780
     782
     784
     819
     829
     831
     320
     336
     334
     474
     678
     480
     421
     425
     463
     476
     472
     490
     878
     866
     682
     655
     691
     853
     891
     885
     896
      18
     146
     250
      46
      50
     246
     216
     297
     332
     467
     373
     385
     423
     427
     434
     738
     492
     523
     530
     880
     538
     541
     757
     573
     575
     585
     589
     638
     654
     673
     689
     772
     836
     288
     101
     173
     258
       5
      26
     158
     205
     195
      71
     383
      57
      33
      41
      89
      69
     159
     292
     114
     122
     133
     189
     193
     542
     202
     206
     378
     254
     261
     269
     322
     324
     326
     327
     376
     377
     379
     418
     430
     519
     520
     881
     771
     837
     864
     865
     882
     328
     527
     318
     684
     581
     612
     712
     737
     769
     812
     883
     898
     300
     302
     304
     306
     308
     402
     404
     406
     504
     506
     600
     602
     804
     606
     608
     610
     621
     623
     821
     627
     629
     631
     706
     708
     721
     725
     727
     808
     823
     825
     346
     366
     368
     796
     392
     766
     396
     398
     413
     460
     775
     511
     568
     592
     658
     696
     734
     753
     760
     798
     839
     847
     856
     873
     877
     311
     313
     552
     411
     446
     764
     452
     456
     458
     509
     762
     556
     560
     564
     566
     594
     596
     598
     605
     609
     618
     634
     643
     645
     649
     660
     668
     694
     809
     718
     732
     743
     751
     777
     787
     805
     818
     832
     841
     843
     871
     875
      64
     160
      15
     132
      79
     192
      25
      32
      38
     136
     374
      53
     236
      88
     177
     294
      97
     102
     226
     196
     115
     119
     140
     162
     528
     179
     201
     219
     237
     240
     251
     319
     337
     381
     417
     426
     433
     435
     437
     531
     529
     582
     611
     614
     656
     711
     814
     852
      60
     576
     215
     298
     317
     428
     524
     495
     464
     473
     515
     862
     535
     537
     546
     574
     584
     586
     672
     677
     683
     714
     736
     755
     811
     849
     867
     879
     315
     331
     333
     342
     344
     370
     372
     386
     388
     415
     424
     442
     789
     794
     479
     485
     489
     491
     493
     513
     679
     572
     590
     616
     636
     651
     670
     681
     692
     716
     739
     768
     816
     834
     854
     858
     890
     897
     899
     307
     309
     350
     352
     354
     356
     647
     360
     362
     364
     779
     409
     845
     454
     505
     507
     558
     562
     601
     620
     632
     662
     701
     705
     720
     745
     747
     781
     783
     785
     801
     820
     828
     301
     303
     305
     401
     403
     405
     501
     503
     703
     707
     622
     624
     626
     628
     630
     664
     722
     724
     726
     728
     730
     749
     803
     807
     822
     824
     830
