       64 atoms,Iteration =   0, Etot,Ep,Ek =  -0.2175763468E+04  -0.2175763468E+04   0.0000000000E+00, Average Force=  0.12662E+00, Max force=  0.23560E+01
 Lattice vector (Angstrom), stress(eV)
   0.1108727571E+02    0.0000000000E+00    0.0000000000E+00     stress: -0.110319E-02  0.139424E-03  0.206442E-02
  -0.1589078211E-01    0.1134482483E+02    0.0000000000E+00     stress:  0.139422E-03 -0.310049E-02 -0.187973E-02
  -0.2955130897E+00    0.2906876047E+00    0.1112730054E+02     stress:  0.206442E-02 -0.187973E-02 -0.119406E-02
 Position (normalized), move_x, move_y, move_z
  14      0.115094731      0.350384039      0.114949713     1  1  1
  14      0.868095567      0.364704603      0.364584383     1  1  1
  14      0.874754775      0.355708152      0.862414920     1  1  1
  14      0.877309124      0.852901373      0.362978423     1  1  1
  14      0.870294094      0.865888341      0.862604543     1  1  1
  14      0.244381409      1.006220872      1.003828373     1  1  1
  14      0.245804008      0.981945617      0.485741351     1  1  1
  14      0.246289075      0.475622542      0.990842295     1  1  1
  14      0.257481148      0.483276883      0.486255402     1  1  1
  14      0.736862277      0.980773721      0.977317002     1  1  1
  14      0.755956355      0.979028031      0.489179741     1  1  1
  14      0.755776933      0.489694265      0.982547381     1  1  1
  14      0.361992116      0.364973400      0.857108152     1  1  1
  14      0.388082561      0.872066633      0.373792366     1  1  1
  14      0.386026212      0.841339647      0.849740687     1  1  1
  14      0.746611615      0.486076331      0.490214134     1  1  1
  14      0.373913256      0.609771752      0.609954766     1  1  1
  14      0.861995740      0.097487254      0.101773112     1  1  1
  14      0.877460617      0.112419260      0.615104263     1  1  1
  14      0.869611405      0.614822424      0.112757806     1  1  1
  14      0.876890397      0.604682829      0.612888991     1  1  1
  14      0.253343889      0.232717800      0.240007897     1  1  1
  14      0.252438701      0.233866552      0.734895222     1  1  1
  14      0.240262971      0.714813809      0.211438524     1  1  1
  14      0.239200162      0.713458649      0.732389673     1  1  1
  14      0.752338280      0.227215074      0.235527026     1  1  1
  14      0.741594838      0.227606158      0.744297323     1  1  1
  14      0.377266771      0.116467218      0.122295609     1  1  1
  14      0.368873188      0.113110582      0.601196128     1  1  1
  14      0.379961991      0.604701684      0.107522035     1  1  1
  14      0.385678620      0.356142576      0.360782023     1  1  1
  14      0.500998527      0.732608532      0.493741495     1  1  1
  14      0.510524798      0.728348680      0.993340655     1  1  1
  14      0.121606456      0.851018465      0.606439988     1  1  1
  14      0.627418586      0.360882019      0.103914691     1  1  1
  14      0.612572357      0.364671123      0.618326968     1  1  1
  14      0.622369942      0.869735326      0.110101277     1  1  1
  14      0.630679545      0.854335624      0.609251990     1  1  1
  14      1.006408767      0.978097024      0.233792553     1  1  1
  14      1.002580766      0.979902237      0.733023250     1  1  1
  14      0.991664544      0.486156701      0.235295164     1  1  1
  14      0.999030780      0.473022930      0.734698409     1  1  1
  14      0.506211369      0.988660015      0.240207406     1  1  1
  14      0.496647530      0.982862804      0.720339131     1  1  1
  14      0.506514728      0.487617895      0.238195238     1  1  1
  14      0.131687555      0.360712492      0.616366025     1  1  1
  14      0.125423838      0.857403544      0.107114928     1  1  1
  14      0.493775435      0.493165730      0.747369946     1  1  1
  14      0.131432940      0.595457948      0.345470133     1  1  1
  14      0.108886037      0.609381723      0.870973150     1  1  1
  14      0.625700623      0.107057656      0.373939752     1  1  1
  14      0.605588018      0.105449535      0.858390583     1  1  1
  14      0.631468510      0.618508296      0.363729728     1  1  1
  14      0.627101050      0.610812175      0.860658878     1  1  1
  14      0.994772721      0.219551106      0.980093956     1  1  1
  14      0.996909513      0.241653846      0.485158101     1  1  1
  14      0.995601100      0.740318510      0.991291640     1  1  1
  14      1.011224389      0.716350397      0.474565235     1  1  1
  14      0.488962169      0.236719035      0.984919924     1  1  1
  14      0.501206411      0.234399213      0.490499019     1  1  1
  14      0.125542146      0.114396031      0.361718459     1  1  1
  14      0.125170766      0.104847411      0.856329886     1  1  1
  14      0.752028284      0.744228158      0.227260870     1  1  1
  14      0.754246651      0.736591016      0.740155258     1  1  1
 Force (-force, eV/Angstrom)
  14     -0.069783963     -0.169447327      0.377860763
  14      0.113262668      0.373015544      0.440743925
  14      0.457177783      0.107328766      0.065898263
  14     -0.496408680     -0.485023644      0.270839845
  14     -0.295745297      0.342952216      0.189982866
  14     -0.962961924      2.355990363      1.373308295
  14     -0.086483546     -0.102612782      0.022690876
  14      0.704364913     -0.536182079      0.052940467
  14     -0.076929598      0.731009237      0.589146603
  14     -0.342072005     -0.506013965      0.067589908
  14     -0.428924479     -0.070485891     -0.060748867
  14      0.092393387      0.836998444     -0.066285825
  14     -0.644986137      0.349085553     -0.595402706
  14      1.402960413      1.386593414      1.291380956
  14      1.369445772     -1.105625464     -0.502612253
  14      0.172500773      0.220080710     -0.242614238
  14      0.195389281      0.127691757     -0.063024501
  14     -0.982204770     -0.467069495     -0.944069632
  14      0.580607203      0.083229567      0.212502996
  14     -0.189505557     -0.016567618      0.298356076
  14     -0.124239588     -0.325883328      0.169985760
  14      0.222849189     -0.675674745     -0.276912290
  14      0.123038252      0.536713018     -0.017862275
  14     -1.475466360     -1.494397081     -1.743556865
  14     -0.537612474     -1.500061261     -0.708668123
  14      0.378623768     -0.355631018      0.011436153
  14     -0.150699121     -0.601638042      0.686205188
  14      0.062563646      0.013572395      0.344724724
  14      0.008755578      0.332243057     -0.751627724
  14      0.229008667      0.391613811      0.210012937
  14      0.788909902     -0.722053409      0.080261010
  14     -0.401586945     -0.080777231      0.758955032
  14      0.603105559     -0.440472605      0.800611327
  14     -0.141254303      0.019362787     -0.193351263
  14      0.204983609      0.185661755     -0.564299432
  14     -0.871433669      0.166367789     -0.252025975
  14      0.371301630      0.850164216     -0.295730852
  14      0.203774954     -0.627874920     -0.375777971
  14      0.886994393     -0.380297443     -0.335478334
  14     -0.040791224      0.172648624      0.021366925
  14     -0.126365771      1.123698020      0.284274659
  14     -0.042557934     -0.715306526     -0.554723269
  14      0.190366286      0.000202790     -0.267963301
  14      0.049610284      0.703908103     -0.685181103
  14     -0.435339888      0.383551604      0.019680693
  14      0.724612909     -0.040795829      1.021521991
  14     -0.094619994     -0.777048121     -0.172979657
  14     -0.268048391      0.803969690      0.772741670
  14      0.082276991     -0.468375615     -0.962699258
  14     -0.759594527      0.855079874      0.485055054
  14     -0.572668765     -0.489953466      0.907340219
  14     -0.263375720     -0.380085856      0.041676553
  14      0.702559253      0.153113887      0.467682187
  14     -0.278387980     -0.215352014     -0.307245960
  14     -0.103258896     -0.693245369     -0.534125976
  14     -0.651165471      0.412809081     -0.358664570
  14      0.282279161      0.206413912      0.617681025
  14      0.841058839     -0.640703920     -0.512563772
  14     -0.746051021     -0.215535219      0.015274123
  14     -0.230306364      0.023684995      0.118269045
  14      0.708684363      0.467568925      0.012902281
  14     -0.013656800     -0.450755074     -0.149372236
  14      0.315203178      0.444150941     -1.099628629
  14     -0.164175445      0.590471514      0.494296463
 -------------------------------------------------
