       64 atoms,Iteration =   0, Etot,Ep,Ek =  -0.2177734917E+04  -0.2177734917E+04   0.0000000000E+00, Average Force=  0.92719E-01, Max force=  0.14017E+01
 Lattice vector (Angstrom), stress(eV)
   0.1113377688E+02    0.0000000000E+00    0.0000000000E+00     stress: -0.847648E-03  0.120608E-02 -0.644431E-04
  -0.2157778423E+00    0.1122319209E+02    0.0000000000E+00     stress:  0.120608E-02 -0.148321E-02  0.532787E-03
   0.5380118125E-01   -0.5867184465E-01    0.1099259361E+02     stress: -0.644421E-04  0.532787E-03  0.266587E-03
 Position (normalized), move_x, move_y, move_z
  14      0.117123538      0.368078756      0.117579167     1  1  1
  14      0.873118752      0.364939753      0.357734502     1  1  1
  14      0.865991442      0.356622360      0.869603693     1  1  1
  14      0.878868831      0.860609717      0.368970249     1  1  1
  14      0.852157619      0.867080713      0.851914510     1  1  1
  14      0.240626865      0.978669669      0.974874573     1  1  1
  14      0.259570319      0.976141742      0.499835634     1  1  1
  14      0.251669847      0.482871047      0.999363789     1  1  1
  14      0.265904386      0.485062205      0.480576303     1  1  1
  14      0.745159181      0.994502880      0.991904221     1  1  1
  14      0.751127731      0.977125600      0.493734254     1  1  1
  14      0.743049853      0.477225009      0.992604693     1  1  1
  14      0.369603399      0.358662516      0.868190014     1  1  1
  14      0.366081834      0.851116747      0.356844812     1  1  1
  14      0.376549778      0.851816493      0.855778931     1  1  1
  14      0.750226192      0.491565848      0.484524416     1  1  1
  14      0.383658079      0.607468807      0.616805300     1  1  1
  14      0.868858893      0.123235644      0.112273777     1  1  1
  14      0.876359775      0.100813908      0.616886264     1  1  1
  14      0.864101732      0.612425411      0.112115488     1  1  1
  14      0.889362451      0.607073551      0.604260490     1  1  1
  14      0.233743092      0.229571080      0.229417196     1  1  1
  14      0.259578548      0.235163528      0.721051854     1  1  1
  14      0.246448647      0.731120415      0.225744723     1  1  1
  14      0.248977062      0.725340664      0.737109939     1  1  1
  14      0.741986976      0.233119225      0.241714567     1  1  1
  14      0.749766404      0.227098045      0.739962769     1  1  1
  14      0.359769976      0.103942927      0.105015253     1  1  1
  14      0.394778442      0.107114789      0.610170833     1  1  1
  14      0.387389522      0.606711039      0.114612624     1  1  1
  14      0.376572057      0.346192290      0.349274260     1  1  1
  14      0.493677665      0.741093123      0.485760703     1  1  1
  14      0.509783979      0.738838228      0.979232053     1  1  1
  14      0.126973366      0.854367166      0.623413386     1  1  1
  14      0.617705981      0.346701266      0.109846688     1  1  1
  14      0.630958211      0.361244898      0.620073865     1  1  1
  14      0.627456752      0.860782707      0.116063601     1  1  1
  14      0.623950739      0.855321448      0.613018205     1  1  1
  14      0.989394452      0.989692724      0.237107829     1  1  1
  14      1.000626367      0.979607522      0.738401718     1  1  1
  14      0.996137434      0.504746121      0.240535591     1  1  1
  14      0.996867101      0.471582740      0.733463847     1  1  1
  14      0.484282412      0.980493253      0.229481785     1  1  1
  14      0.505590694      0.982177164      0.733963275     1  1  1
  14      0.510158399      0.480656312      0.236708469     1  1  1
  14      0.130571962      0.356510641      0.601436771     1  1  1
  14      0.107771459      0.855219543      0.104534020     1  1  1
  14      0.497459273      0.483671273      0.751563307     1  1  1
  14      0.128902801      0.614249450      0.364051483     1  1  1
  14      0.121483116      0.597510945      0.863618755     1  1  1
  14      0.622642718      0.093612499      0.362713309     1  1  1
  14      0.618717621      0.106431443      0.864137286     1  1  1
  14      0.624120411      0.622333049      0.368547237     1  1  1
  14      0.633511566      0.607927816      0.866355142     1  1  1
  14      1.002926278      0.242963318      0.984526526     1  1  1
  14      0.995621036      0.229652861      0.483846687     1  1  1
  14      0.981381186      0.734950906      0.966650854     1  1  1
  14      1.010287427      0.739986077      0.486193722     1  1  1
  14      0.493142776      0.226679303      0.982334141     1  1  1
  14      0.511230612      0.238351268      0.480163298     1  1  1
  14      0.128450282      0.098508655      0.372095990     1  1  1
  14      0.126400180      0.113300907      0.852331155     1  1  1
  14      0.752683923      0.742382821      0.240234479     1  1  1
  14      0.750031325      0.726384029      0.720916308     1  1  1
 Force (-force, eV/Angstrom)
  14      0.035444566      0.088876153     -0.244266311
  14      0.080133194      0.304929821     -0.399451779
  14     -0.589351274     -0.033668286      0.827275072
  14      0.068223831      0.025120729      0.302808578
  14     -1.121193814      0.425121949     -0.362315956
  14     -0.125223832      0.287770877     -0.344418741
  14      0.511334872     -0.421982581      0.792352362
  14      0.103470247     -0.355127188      0.810133744
  14      0.882536291      0.424169843      0.107635920
  14     -0.019440867      0.551542823      0.194673158
  14      0.191350014     -0.361947070      0.509398067
  14     -0.294292740     -0.261497463     -0.036173627
  14      0.043474670      0.261758333      0.326682967
  14     -0.067584103     -0.648656176     -0.203328192
  14      0.209402220     -0.603460625     -0.447541896
  14     -0.001411163      0.408420922     -0.414061807
  14      0.423241314      0.147803787      0.250499173
  14     -0.841973006      0.705152104     -0.122472687
  14      0.063126337     -0.810869395      0.364742269
  14     -0.504500197     -0.188762785      0.379895613
  14      0.689874203      0.108187958     -0.420939725
  14     -0.715472519      0.137024866     -0.683161661
  14      0.470072409      0.236296540     -0.906018714
  14      0.201115845     -0.210838976      0.097480028
  14     -0.035917446      0.418294762     -0.291687291
  14     -0.234978432      0.012083391      0.144965154
  14      0.069339318     -0.264480999      0.046922623
  14     -0.243170809     -0.018606220     -0.017464773
  14      0.931496345     -0.380222832      0.316831135
  14      0.316758914     -0.427835050      0.462705029
  14     -0.036532339     -0.851036961     -0.576004855
  14     -0.198501416      0.538788458     -0.085227348
  14      0.468206909      0.424213279     -0.807959801
  14     -0.278448971     -0.242181608      0.450556572
  14     -0.268364616     -0.453962122     -0.339955955
  14      0.315951558     -0.288374924      0.451346487
  14      0.471492499     -0.389264880      0.291854829
  14      0.068926535      0.035315195      0.258963896
  14     -0.790207419      0.175362957      0.283153006
  14      0.364324242     -0.361693833     -0.139285149
  14      0.129464766      1.401683718      0.386896202
  14     -0.431734201     -0.356939414     -0.069330840
  14     -0.767967638     -0.114784470     -0.508975169
  14      0.323899526      0.461407236     -0.488397852
  14      0.564128420     -0.338015958     -0.278239843
  14      0.131815002     -0.177227233     -0.099676950
  14     -0.416584873     -0.271773869      0.196495110
  14     -0.690001776      0.091980875      0.875922764
  14     -0.666662267      0.260913693     -0.016050875
  14      0.036342638     -0.447180949     -0.040829775
  14      0.041532909     -0.663575388      0.205139665
  14     -0.387219256     -0.148688904      0.152539926
  14     -0.148858121      1.053535289      0.583107501
  14      0.354532221      0.059290724      0.612878904
  14      0.228561083      0.628453118      0.005406556
  14     -0.180112383     -0.284138947      0.022540981
  14     -0.436166844      0.375920847     -1.033829273
  14      0.229411342      0.157373518     -0.051450599
  14      0.536825526     -0.237908879     -0.362431740
  14      0.255306295      0.523592042     -0.287180807
  14      0.367595453     -0.273233659      0.507628342
  14     -0.053345903     -0.193197911     -0.227009099
  14      0.412038380      0.345829335     -0.071323284
  14     -0.045531670      0.004920410     -0.842969259
 -------------------------------------------------
