       64 atoms,Iteration =   0, Etot,Ep,Ek =  -0.2177101265E+04  -0.2177101265E+04   0.0000000000E+00, Average Force=  0.98067E-01, Max force=  0.14787E+01
 Lattice vector (Angstrom), stress(eV)
   0.1108727571E+02    0.0000000000E+00    0.0000000000E+00     stress: -0.153632E-02  0.135802E-03  0.155606E-02
  -0.1589078211E-01    0.1134482483E+02    0.0000000000E+00     stress:  0.135800E-03 -0.351961E-02 -0.133469E-02
  -0.2955130897E+00    0.2906876047E+00    0.1112730054E+02     stress:  0.155606E-02 -0.133470E-02 -0.163312E-02
 Position (normalized), move_x, move_y, move_z
  14      0.114860098      0.362426969      0.113315893     1  1  1
  14      0.887930754      0.354672953      0.356353276     1  1  1
  14      0.856611430      0.344101030      0.858977428     1  1  1
  14      0.869529943      0.861583629      0.367283151     1  1  1
  14      0.879267123      0.850853195      0.867630920     1  1  1
  14      0.247164270      0.988026682      1.000422336     1  1  1
  14      0.255643829      0.986082164      0.487707686     1  1  1
  14      0.251719858      0.477904383      0.989476285     1  1  1
  14      0.247891300      0.481141935      0.485844701     1  1  1
  14      0.756779812      0.982186182      0.979986113     1  1  1
  14      0.754503593      0.983072896      0.490596078     1  1  1
  14      0.750775168      0.488276405      0.976580076     1  1  1
  14      0.369017259      0.352029950      0.864198820     1  1  1
  14      0.374927827      0.873483456      0.349114324     1  1  1
  14      0.370333868      0.870684179      0.863609279     1  1  1
  14      0.748711386      0.462557871      0.484341191     1  1  1
  14      0.360342521      0.615923492      0.618278438     1  1  1
  14      0.868833237      0.106737008      0.118158937     1  1  1
  14      0.884996636      0.099812021      0.612479188     1  1  1
  14      0.858681551      0.613931350      0.115403551     1  1  1
  14      0.872780079      0.593715859      0.601221291     1  1  1
  14      0.257085398      0.244370549      0.239256592     1  1  1
  14      0.248579561      0.243440680      0.730193273     1  1  1
  14      0.256362785      0.735417116      0.231456856     1  1  1
  14      0.239311536      0.741262066      0.742314811     1  1  1
  14      0.750281879      0.243015551      0.231936757     1  1  1
  14      0.749321227      0.213654072      0.721984633     1  1  1
  14      0.372927251      0.117186944      0.120282543     1  1  1
  14      0.371144684      0.112885611      0.610733032     1  1  1
  14      0.383027500      0.606573928      0.115536558     1  1  1
  14      0.378328728      0.364407100      0.362434715     1  1  1
  14      0.485416187      0.737122494      0.483936781     1  1  1
  14      0.503675117      0.730629535      0.977874190     1  1  1
  14      0.119859074      0.862064583      0.607897664     1  1  1
  14      0.623340683      0.357698443      0.093687593     1  1  1
  14      0.613044800      0.356470986      0.611959745     1  1  1
  14      0.621227352      0.867724219      0.101417230     1  1  1
  14      0.627260261      0.853351315      0.608897008     1  1  1
  14      1.001096332      0.987202634      0.245483618     1  1  1
  14      1.004314353      0.978643397      0.745343399     1  1  1
  14      1.001265524      0.487128619      0.228978268     1  1  1
  14      0.985980830      0.469253727      0.741031481     1  1  1
  14      0.513413098      0.993504245      0.233475315     1  1  1
  14      0.498862534      0.982384253      0.734199636     1  1  1
  14      0.512886136      0.475914146      0.232095825     1  1  1
  14      0.114850658      0.364918498      0.615174361     1  1  1
  14      0.119963049      0.860852659      0.115303797     1  1  1
  14      0.491819200      0.483215077      0.743305168     1  1  1
  14      0.124915256      0.611628431      0.353962759     1  1  1
  14      0.120052265      0.599123750      0.859190418     1  1  1
  14      0.632965313      0.115676949      0.368351694     1  1  1
  14      0.623451485      0.106815397      0.856514117     1  1  1
  14      0.616689470      0.607179569      0.367522202     1  1  1
  14      0.622539194      0.616102705      0.851851711     1  1  1
  14      0.997008898      0.226189927      0.989188704     1  1  1
  14      1.010977318      0.230847614      0.487341919     1  1  1
  14      1.006370966      0.721439960      0.996396202     1  1  1
  14      1.001836869      0.726512159      0.484908265     1  1  1
  14      0.499990141      0.219433725      0.982026140     1  1  1
  14      0.496326139      0.226336979      0.483153123     1  1  1
  14      0.132472485      0.113443490      0.359091586     1  1  1
  14      0.129162089      0.114019008      0.866133701     1  1  1
  14      0.736889257      0.737127430      0.245034273     1  1  1
  14      0.766012640      0.723432484      0.725779804     1  1  1
 Force (-force, eV/Angstrom)
  14     -0.914558162      0.547750240      0.546315911
  14      0.865321791     -0.207374440     -0.227582647
  14     -1.003209625     -0.164041867     -0.166024667
  14     -0.476288338      0.534024645      0.354491904
  14     -0.167602196      0.160171695      0.550191229
  14     -0.377700192     -0.000818136      0.733860780
  14      0.652707661      0.236903758      0.347273490
  14      0.105805655     -0.346016491     -0.024332313
  14      0.065829559     -0.738301545     -0.176721745
  14      0.396215550      0.073643954     -0.392137311
  14      0.299596924      0.089089911      0.041180074
  14      0.540959889      0.355010000     -0.213702089
  14     -0.522500194     -0.467904031     -0.123887645
  14     -0.278920890      0.746831447     -0.719806456
  14      0.190123717      0.904526822     -0.300692613
  14      0.145506359     -1.147331260      0.387427971
  14     -0.517005979      0.393125122      0.403973445
  14     -0.426632020     -0.038404637      0.386218230
  14      0.027951817     -0.411794329      0.316251018
  14     -0.696788699      0.242159916     -0.112024393
  14     -0.263765001     -0.205057042     -0.314557642
  14      0.924740027      0.172376625      0.291516972
  14      0.270912639      1.046640647     -0.540324773
  14      0.152196264     -0.087527500     -0.231429685
  14     -0.377011881      0.374812795     -0.049707247
  14     -0.121624931      0.721625172     -0.216342735
  14      0.588037324     -1.478691539     -0.593820597
  14     -0.397267170      0.436334594      0.366100195
  14     -0.146278563      0.220828704     -0.267413711
  14      0.295246903     -0.016885327      0.867264755
  14     -0.079503168      0.144951641     -0.016238838
  14     -0.668338737      0.256510624     -0.319333238
  14      0.710784653     -0.775603262     -0.523203315
  14     -0.245195323      0.115872131     -0.092798966
  14     -0.174369030     -0.062244836     -0.710050601
  14     -0.438188380      0.449911078     -0.201987426
  14     -0.341400039      0.746794548     -0.546765295
  14      0.360034722     -0.155112652     -0.145138347
  14      0.198977628      0.425404096      0.393607150
  14     -0.286586754     -0.186934225      0.063769743
  14      0.678117071     -0.278570847     -0.605826224
  14     -0.475032814     -0.696896905      0.025846874
  14      0.607837936      0.091256617     -0.215128671
  14     -0.156741824      0.173563170      0.116334991
  14      0.760530158     -0.483616165     -0.150622123
  14     -0.666200580      0.383845487      0.487554173
  14     -0.068562599      0.130236604     -0.154613609
  14     -0.180150475     -0.123769994      0.734937224
  14     -0.331860638      0.086675352     -0.262128951
  14      0.107663212     -0.310820723     -0.444303250
  14      0.013454169      0.068548027      0.724043921
  14     -0.251838083      0.725201203      0.116976719
  14     -0.382650282      0.251716941     -0.124664819
  14     -0.474011071      0.602240118      0.050549806
  14      0.320794250     -0.552869494      0.049828021
  14      0.627412102      0.255101505      0.060846422
  14      0.621655052     -0.476860772      0.520342312
  14      0.248456596     -0.289742628      0.192251880
  14      0.212200125     -1.023950171      0.017379167
  14     -0.131107516     -0.779504451     -0.237365380
  14      0.038349577      0.053665174     -0.336823814
  14      0.261080022      0.243350960      0.388703969
  14     -0.381136688     -0.155217831      0.663198436
  14      1.131528490     -0.798838226     -0.440735644
 -------------------------------------------------
