     200
     527
     529
     206
     302
     304
     306
     500
     402
     404
     406
     408
     410
     419
     421
     525
     425
     427
     502
     504
     506
     508
     521
     523
     347
     214
     587
     251
     259
     261
     263
     265
     267
     293
     295
     297
     299
     312
     343
     345
     357
     359
     361
     399
     433
     412
     415
     431
     438
     440
     444
     453
     461
     463
     470
     474
     515
     540
     555
     578
     210
     253
     257
     308
     310
     349
     457
     355
     417
     455
     459
     517
     542
     550
     591
     593
     208
     429
     510
     519
     531
     544
     546
     548
     557
     561
     563
     112
      79
      95
      25
       5
     110
      71
      97
      16
      12
      29
      33
      54
      44
      67
     126
      72
      87
     178
      93
      96
      99
     197
     148
     129
     195
     182
     217
     219
     220
     228
     229
     371
     241
     317
     319
     320
     328
     337
     414
     434
     449
     466
     492
     493
     583
      59
     135
      52
     122
     133
     120
     131
     150
     238
     223
     230
     234
     275
     498
     332
     318
     323
     496
     481
     489
     374
     376
     436
     494
     512
     538
     553
     570
     572
     582
     597
     598
     363
     221
     569
     232
     236
     585
     271
     247
     269
     287
     291
     316
     321
     389
     341
     365
     367
     387
     446
     448
     451
     468
     485
     535
     567
     574
     576
     580
     595
       1
      15
      64
     115
      45
      23
      66
     143
      53
     278
      62
     153
     101
     102
     121
     125
     130
     136
     138
      40
     145
     170
     164
     185
     186
     191
     242
     282
     322
     450
     329
     331
     599
     467
     490
     511
     514
     571
     584
      47
      49
      51
     222
     226
     231
     233
     235
     237
     274
     497
     333
     375
     411
     488
     499
     536
     554
     581
     596
     215
     464
     486
     270
     272
     286
     288
     315
     324
     340
     342
     364
     366
     386
     388
     416
     432
     439
     443
     447
     452
     575
     469
     477
     484
     516
     539
     551
     573
     586
     211
     390
     246
     475
     252
     256
     264
     266
     268
     290
     292
     294
     296
     298
     311
     313
     344
     348
     549
     360
     362
     392
     394
     396
     398
     405
     409
     418
     441
     445
     454
     458
     471
     509
     518
     532
     534
     541
     543
     564
     566
     577
     588
     594
     201
     203
     205
     207
     209
     254
     592
     260
     262
     301
     305
     307
     309
     346
     350
     352
     354
     356
     401
     403
     407
     420
     422
     424
     426
     428
     430
     456
     460
     501
     503
     505
     507
     520
     522
     524
     526
     528
     530
     547
     558
     560
     562
