       64 atoms,Iteration =   0, Etot,Ep,Ek =  -0.2178741402E+04  -0.2178741402E+04   0.0000000000E+00, Average Force=  0.11511E+00, Max force=  0.15537E+01
 Lattice vector (Angstrom), stress(eV)
   0.1113377688E+02    0.0000000000E+00    0.0000000000E+00     stress: -0.682525E-03  0.181870E-02 -0.661684E-03
  -0.2157778423E+00    0.1122319209E+02    0.0000000000E+00     stress:  0.181870E-02 -0.134161E-02  0.484544E-03
   0.5380118125E-01   -0.5867184465E-01    0.1099259361E+02     stress: -0.661683E-03  0.484544E-03  0.420834E-03
 Position (normalized), move_x, move_y, move_z
  14      0.125490605      0.359152388      0.107483278     1  1  1
  14      0.871208000      0.360792736      0.353256032     1  1  1
  14      0.869226705      0.359633995      0.861595574     1  1  1
  14      0.869609487      0.859227431      0.363453807     1  1  1
  14      0.873656912      0.858490260      0.860056356     1  1  1
  14      0.248939417      0.980116034      0.987364801     1  1  1
  14      0.258723966      0.977900553      0.486873270     1  1  1
  14      0.254608236      0.480859387      0.983389397     1  1  1
  14      0.246249560      0.480393865      0.489035635     1  1  1
  14      0.748978617      0.982263390      0.985663656     1  1  1
  14      0.745797893      0.978533745      0.485278560     1  1  1
  14      0.745921068      0.492921686      0.989993844     1  1  1
  14      0.373887280      0.359176419      0.856389341     1  1  1
  14      0.373656125      0.865347680      0.364284367     1  1  1
  14      0.379487955      0.861649409      0.859472326     1  1  1
  14      0.752561538      0.488137947      0.490455683     1  1  1
  14      0.371159407      0.607494869      0.612587005     1  1  1
  14      0.875826755      0.104278218      0.115634221     1  1  1
  14      0.871526271      0.110875345      0.609752370     1  1  1
  14      0.873907149      0.616723753      0.119293048     1  1  1
  14      0.879649875      0.611345313      0.613171035     1  1  1
  14      0.253706811      0.228289076      0.235584075     1  1  1
  14      0.246009547      0.233869498      0.741962297     1  1  1
  14      0.254637669      0.729699831      0.239661366     1  1  1
  14      0.244787043      0.733704888      0.738700100     1  1  1
  14      0.744352098      0.229924669      0.239445766     1  1  1
  14      0.740727782      0.235220849      0.735255053     1  1  1
  14      0.379843824      0.105019054      0.105655684     1  1  1
  14      0.380760447      0.103229469      0.614164431     1  1  1
  14      0.374991695      0.611206737      0.112841432     1  1  1
  14      0.371156838      0.362869711      0.360248922     1  1  1
  14      0.497189703      0.730329064      0.483253561     1  1  1
  14      0.496260872      0.734667306      0.982452403     1  1  1
  14      0.130463366      0.859167790      0.606852235     1  1  1
  14      0.624219327      0.356952897      0.114380650     1  1  1
  14      0.625996206      0.355687517      0.608116723     1  1  1
  14      0.628038792      0.854982113      0.114168689     1  1  1
  14      0.625277819      0.853622500      0.611865611     1  1  1
  14      0.994149349      0.984862753      0.231863388     1  1  1
  14      0.997892387      0.985267322      0.730238039     1  1  1
  14      0.999983289      0.484354785      0.230890915     1  1  1
  14      1.000298516      0.482609964      0.736713308     1  1  1
  14      0.497777731      0.982158172      0.237760086     1  1  1
  14      0.509699499      0.983674876      0.732414050     1  1  1
  14      0.498238912      0.483808289      0.240036164     1  1  1
  14      0.128612475      0.356320476      0.611760995     1  1  1
  14      0.132118309      0.856024075      0.108273811     1  1  1
  14      0.506227014      0.477430109      0.734932109     1  1  1
  14      0.121544048      0.606451287      0.362342150     1  1  1
  14      0.124984303      0.607537553      0.859196686     1  1  1
  14      0.615334639      0.105805084      0.371400977     1  1  1
  14      0.622881375      0.105216730      0.853349113     1  1  1
  14      0.622527043      0.606785095      0.359724023     1  1  1
  14      0.615725998      0.617871978      0.855877178     1  1  1
  14      0.992312379      0.230764854      0.985281580     1  1  1
  14      0.997319831      0.232149286      0.482446654     1  1  1
  14      1.000575417      0.735040628      0.985518103     1  1  1
  14      0.996589227      0.735432626      0.481178527     1  1  1
  14      0.500308706      0.225552717      0.978859074     1  1  1
  14      0.498821324      0.242970558      0.493341262     1  1  1
  14      0.125208867      0.102589136      0.371346394     1  1  1
  14      0.115789028      0.108499830      0.862669934     1  1  1
  14      0.745931223      0.736203947      0.245063185     1  1  1
  14      0.749731883      0.727285149      0.732223922     1  1  1
 Force (-force, eV/Angstrom)
  14     -0.109160347      0.558021258     -0.260389341
  14     -0.319665654      0.115315396     -0.912257397
  14      0.140187079     -0.255834948     -0.285194306
  14     -0.564762969     -0.268624815      0.192590973
  14     -0.120542229      0.132764310      0.138780361
  14     -0.143202321     -0.691380807      0.791817948
  14      0.875411873     -1.083962312     -0.448198022
  14      0.468803695     -0.543704279     -0.109819762
  14     -0.205742507     -0.578335266      0.396992373
  14      0.040207861     -0.077013405      0.131621277
  14     -0.073050041     -0.694323493     -0.366805503
  14      0.063501779      0.270807152      0.352434479
  14     -0.587998311      0.453673197     -0.628206941
  14     -0.604338818      1.553667228      0.636472947
  14      0.602335501      0.041475190      0.091023762
  14      0.127547568      0.432904587      0.873230546
  14     -0.350307218      0.202777755     -0.132787154
  14      0.940186385     -0.690310810      0.463010253
  14      0.177756643      0.163439339     -0.006972018
  14     -0.018231739      0.339475273      0.622200886
  14      0.062872424      0.382176349      0.076253329
  14      0.595899679     -0.178646694      0.039965113
  14     -0.257476539      0.730674691      0.746984721
  14      0.699496697     -0.569523136      0.129954670
  14     -0.708434632     -0.183970894      0.441665882
  14      0.065698876      0.214466710      0.096808102
  14     -1.144978781      0.140863904      0.098173601
  14      0.499556170      0.007493552     -0.595559346
  14      0.693177339     -0.941996167     -0.252603515
  14     -0.206343908      0.508324333      0.215072862
  14     -0.122933330      0.660336511     -0.418709015
  14      0.117862997     -0.257354547     -0.329453149
  14     -0.151438933     -0.281414990     -0.549831247
  14      0.827433382      0.207702541     -0.591040394
  14      0.298456562      0.098175422      0.528797207
  14     -0.533036486     -0.985894320     -0.459682046
  14      0.578780239     -0.363298399      0.172636175
  14     -0.076499449      0.272004322      0.325385016
  14     -1.312113866      0.831759537     -0.823042068
  14     -0.076137225      0.327201508      0.000328322
  14      0.029387058      0.008596330     -0.115905767
  14      0.070426643      0.239947275      0.175772283
  14     -0.401693402     -0.179912455      0.441833811
  14      1.082552283      0.848212764      0.189743842
  14     -0.040123442      0.148048460      0.808413811
  14      0.898388982      0.380651110     -0.176705673
  14      0.791885979      0.206941014     -0.930374743
  14      0.940215914     -0.850306366      0.303553917
  14     -0.231925889     -0.009268886      0.058968462
  14      0.052905763      0.174278728     -0.746875042
  14     -0.569914938     -0.406149467      0.641704284
  14     -0.857920223     -0.229031051     -1.254814157
  14     -0.200875724      0.038072373     -0.878007530
  14     -0.893286361      1.253596241     -0.657703246
  14     -0.164430433     -0.525180605     -0.158241983
  14      0.015322412     -0.522748499     -0.156084320
  14      0.063173742      0.072476001      0.015449824
  14     -0.491431673     -0.096029763     -0.286255535
  14     -0.015269705     -1.148987507     -0.337570117
  14      0.911943977      1.046969162      1.117761008
  14     -0.135390626     -0.208297580      1.180911143
  14     -0.771489374      0.347127071     -0.096130454
  14     -0.168114253      0.300395631      0.788210101
  14     -0.103114156     -0.889310768     -0.319303500
 -------------------------------------------------
