       64 atoms,Iteration =   0, Etot,Ep,Ek =  -0.2176567196E+04  -0.2176567196E+04   0.0000000000E+00, Average Force=  0.97398E-01, Max force=  0.11356E+01
 Lattice vector (Angstrom), stress(eV)
   0.1108727571E+02    0.0000000000E+00    0.0000000000E+00     stress: -0.152468E-02  0.134913E-03  0.156584E-02
  -0.1589078211E-01    0.1134482483E+02    0.0000000000E+00     stress:  0.134913E-03 -0.349098E-02 -0.158481E-02
  -0.2955130897E+00    0.2906876047E+00    0.1112730054E+02     stress:  0.156584E-02 -0.158481E-02 -0.163037E-02
 Position (normalized), move_x, move_y, move_z
  14      0.115369555      0.347412972      0.118686468     1  1  1
  14      0.866512936      0.358073608      0.362683652     1  1  1
  14      0.865295159      0.343042345      0.870400684     1  1  1
  14      0.889365437      0.861667506      0.357301395     1  1  1
  14      0.866453335      0.873361311      0.851666581     1  1  1
  14      0.256116532      0.981804312      0.990761413     1  1  1
  14      0.240486984      0.976981348      0.477205588     1  1  1
  14      0.237595369      0.478968129      0.999631489     1  1  1
  14      0.257096272      0.475188353      0.479694961     1  1  1
  14      0.731729744      0.984649733      0.986699331     1  1  1
  14      0.769976015      0.980319064      0.490395670     1  1  1
  14      0.758070704      0.480883370      0.991588208     1  1  1
  14      0.361826245      0.359688139      0.870491452     1  1  1
  14      0.372664653      0.868300634      0.361905386     1  1  1
  14      0.363453824      0.853601592      0.859787148     1  1  1
  14      0.748712322      0.486434938      0.486848538     1  1  1
  14      0.369776722      0.613978981      0.607992925     1  1  1
  14      0.863030224      0.111888025      0.106953164     1  1  1
  14      0.876428392      0.114076575      0.619466507     1  1  1
  14      0.878156385      0.624257462      0.106431924     1  1  1
  14      0.884100351      0.601384123      0.610388834     1  1  1
  14      0.253475247      0.238824385      0.249853052     1  1  1
  14      0.248363414      0.234989493      0.724094759     1  1  1
  14      0.256197597      0.723822837      0.235120818     1  1  1
  14      0.246472552      0.726216606      0.741723473     1  1  1
  14      0.748179266      0.228764543      0.244167037     1  1  1
  14      0.738498302      0.240891217      0.726351371     1  1  1
  14      0.371733035      0.118163520      0.114678308     1  1  1
  14      0.366764063      0.099158624      0.608394640     1  1  1
  14      0.377576392      0.605878553      0.103974005     1  1  1
  14      0.393445984      0.365967669      0.353888168     1  1  1
  14      0.502032350      0.743897023      0.487287998     1  1  1
  14      0.498253916      0.735136246      0.977847229     1  1  1
  14      0.126982437      0.843698012      0.602722105     1  1  1
  14      0.634375718      0.351491445      0.110225296     1  1  1
  14      0.612995525      0.377221186      0.614308023     1  1  1
  14      0.610970317      0.856076927      0.123387518     1  1  1
  14      0.630249000      0.865848341      0.614068972     1  1  1
  14      0.995780568      0.990461830      0.221832779     1  1  1
  14      1.012821093      0.977115830      0.726869915     1  1  1
  14      0.992075808      0.476786971      0.229233496     1  1  1
  14      0.994000324      0.474637127      0.753987903     1  1  1
  14      0.496265240      0.991953875      0.244444732     1  1  1
  14      0.490823016      0.971633520      0.740272088     1  1  1
  14      0.519484961      0.483353964      0.219286789     1  1  1
  14      0.111694727      0.365547343      0.605527817     1  1  1
  14      0.131671325      0.864813308      0.113814667     1  1  1
  14      0.487959855      0.489002279      0.746040782     1  1  1
  14      0.127489187      0.596135234      0.353232124     1  1  1
  14      0.116912152      0.607117315      0.874376491     1  1  1
  14      0.632886765      0.105679117      0.371322765     1  1  1
  14      0.610448589      0.111841074      0.850062418     1  1  1
  14      0.620401246      0.612766741      0.361345502     1  1  1
  14      0.629206266      0.611254703      0.861586327     1  1  1
  14      1.005965804      0.216400733      0.984326788     1  1  1
  14      0.997202489      0.229262907      0.487679827     1  1  1
  14      1.000389036      0.753878519      0.980022060     1  1  1
  14      1.006663710      0.720023276      0.477530016     1  1  1
  14      0.501023166      0.229534487      0.982915844     1  1  1
  14      0.508720937      0.228267857      0.495449905     1  1  1
  14      0.113298400      0.109721067      0.357131542     1  1  1
  14      0.137608058      0.103938144      0.853149420     1  1  1
  14      0.753593720      0.734154939      0.247485002     1  1  1
  14      0.760445332      0.727504839      0.725607255     1  1  1
 Force (-force, eV/Angstrom)
  14     -0.278195733     -0.266088498      0.269410625
  14     -0.361737320     -0.133500714     -0.114747142
  14     -0.636770835     -0.604508345      0.458795904
  14      0.633822128      0.373969543     -0.248338815
  14     -0.272774483      0.660530995     -0.397935751
  14     -0.065781920     -0.424032318      0.258806757
  14     -0.021245925     -0.421638775     -0.520239926
  14     -0.498503649      0.117125935      0.327732751
  14      0.223584589     -0.632610014     -0.405628767
  14     -0.453834248      0.142816107      0.198843065
  14      0.852778075     -0.203561058      0.088484711
  14      0.296729053     -0.492229733      0.359827317
  14     -0.314033053      0.150170865      0.721599480
  14      0.069938210      1.123314326      0.360842192
  14     -0.621820245     -0.216261256     -0.410623745
  14      0.184959984      0.043710170     -0.000312384
  14     -0.224821544      0.279488591     -0.115610572
  14     -0.072473163      0.460412078      0.149167809
  14     -0.130004341      0.313703258      0.362889384
  14      0.305412216      0.776648194     -0.451796827
  14      0.433992611     -0.142219030     -0.049217689
  14      0.101235957      0.386104057      0.785005439
  14     -0.043544602     -0.253645317     -0.624224723
  14      0.065846100     -0.858618486     -0.034923232
  14      0.496259933      0.460237631      0.449309399
  14     -0.200724670     -0.035158393      0.466845876
  14     -0.232262070      0.573404866     -0.894306436
  14     -0.197886673      0.335417921     -0.230281526
  14     -0.387944354     -0.526773895      0.281512222
  14     -0.025826158      0.007286645     -0.195315311
  14      0.348626951      0.846464510     -0.675209850
  14      0.219740704      0.500361965     -0.055016945
  14     -0.309817744      0.235800645     -0.844041045
  14      0.200167171     -0.532841851     -0.336840305
  14      0.392286714     -0.087020366      0.509890252
  14     -0.301585302      0.857834456      0.017772167
  14     -0.687778279     -0.253111723      0.716183281
  14      0.008231525      0.750317853      0.254068985
  14     -0.442165073      0.542594295     -0.730042203
  14      0.678610960     -0.478385930     -0.461642813
  14      0.018637895     -0.547271853     -0.282588958
  14     -0.261580579     -0.146985781      0.938761471
  14     -0.313789749      0.142454368      0.326343717
  14     -0.238068930     -0.772822210      0.774672726
  14      1.135563238     -0.369911107     -0.930431978
  14     -1.074598287      0.470061150     -0.542664043
  14      0.333785331      0.520917167      0.049165811
  14     -0.326139318     -0.087109806      0.163766618
  14     -0.046114081     -0.181676210      0.077553403
  14     -0.066257471     -0.309610993      0.693241514
  14      0.298803181      0.139258022      0.027811283
  14     -0.471841733      0.296179005     -0.294926669
  14     -0.409971142     -0.062616247     -0.192310244
  14     -0.113003602      0.248818216      0.156545151
  14      0.391852338     -0.469565030      0.198853580
  14      0.234307726     -0.682521646      0.273422958
  14      0.190947120      0.690819208     -0.392031949
  14     -0.063444947     -0.166044791     -0.098870362
  14      0.464766402     -0.794378845     -0.326401732
  14      0.702422026     -0.356633999      0.528711280
  14     -0.637775832     -0.048657571     -0.282253655
  14      0.711999031      0.031734810     -0.300854210
  14      0.181228676     -0.377933628      1.030751155
  14      0.627581212     -0.542011439     -0.836958476
 -------------------------------------------------
