       64 atoms,Iteration =   0, Etot,Ep,Ek =  -0.2177719550E+04  -0.2177719550E+04   0.0000000000E+00, Average Force=  0.93564E-01, Max force=  0.11085E+01
 Lattice vector (Angstrom), stress(eV)
   0.1108727571E+02    0.0000000000E+00    0.0000000000E+00     stress: -0.167251E-02 -0.992566E-04  0.137442E-02
  -0.1589078211E-01    0.1134482483E+02    0.0000000000E+00     stress: -0.992568E-04 -0.363095E-02 -0.108746E-02
  -0.2955130897E+00    0.2906876047E+00    0.1112730054E+02     stress:  0.137442E-02 -0.108746E-02 -0.176664E-02
 Position (normalized), move_x, move_y, move_z
  14      0.119260098      0.350014133      0.115350529     1  1  1
  14      0.872445543      0.358869895      0.358026638     1  1  1
  14      0.873416127      0.359159973      0.871426989     1  1  1
  14      0.869389247      0.853108322      0.366013301     1  1  1
  14      0.876981625      0.857139870      0.863773740     1  1  1
  14      0.247284792      0.982505961      0.990554714     1  1  1
  14      0.245800375      0.974783667      0.488325087     1  1  1
  14      0.241757002      0.477769688      0.990123342     1  1  1
  14      0.254340802      0.487993656      0.487937751     1  1  1
  14      0.750965826      0.976123044      0.975807202     1  1  1
  14      0.751893588      0.984299638      0.484344786     1  1  1
  14      0.757009057      0.483496139      0.993475458     1  1  1
  14      0.368957661      0.365149640      0.864472022     1  1  1
  14      0.366314557      0.853870772      0.359787173     1  1  1
  14      0.374881906      0.870955027      0.864391140     1  1  1
  14      0.737476091      0.477120257      0.477606404     1  1  1
  14      0.384195862      0.616657485      0.606661065     1  1  1
  14      0.870647287      0.099095070      0.105280701     1  1  1
  14      0.871214276      0.115724567      0.606957633     1  1  1
  14      0.886196467      0.601979329      0.111631747     1  1  1
  14      0.858655511      0.593984845      0.616627544     1  1  1
  14      0.254322773      0.225602337      0.232245906     1  1  1
  14      0.251600380      0.238406062      0.729322442     1  1  1
  14      0.245273803      0.729335663      0.224621416     1  1  1
  14      0.259786544      0.734678486      0.735501838     1  1  1
  14      0.756690634      0.222794158      0.231689617     1  1  1
  14      0.749960864      0.239810380      0.735439829     1  1  1
  14      0.382697668      0.106897342      0.111385506     1  1  1
  14      0.366594162      0.111011675      0.606052652     1  1  1
  14      0.370237082      0.610046572      0.103198435     1  1  1
  14      0.365453055      0.360868688      0.359829411     1  1  1
  14      0.512801125      0.739684055      0.486859322     1  1  1
  14      0.503334825      0.733269933      0.984084142     1  1  1
  14      0.110223825      0.854783430      0.621085049     1  1  1
  14      0.624974172      0.353407040      0.111078154     1  1  1
  14      0.610895866      0.366030638      0.617111039     1  1  1
  14      0.626622834      0.858667853      0.110165084     1  1  1
  14      0.628773157      0.871500325      0.619845755     1  1  1
  14      0.998391218      0.981349543      0.245147508     1  1  1
  14      1.001772813      0.984738102      0.738658039     1  1  1
  14      1.010472651      0.477634708      0.240594742     1  1  1
  14      0.998236860      0.475974463      0.739945863     1  1  1
  14      0.508903555      0.977350139      0.238172771     1  1  1
  14      0.494338205      0.989133321      0.731561080     1  1  1
  14      0.496738963      0.477039188      0.227405559     1  1  1
  14      0.120935914      0.370867587      0.610147086     1  1  1
  14      0.108665565      0.856942394      0.105469426     1  1  1
  14      0.500106668      0.492353346      0.743779677     1  1  1
  14      0.122281912      0.614733004      0.367410765     1  1  1
  14      0.128504081      0.606224817      0.851964946     1  1  1
  14      0.618644780      0.116297316      0.366776289     1  1  1
  14      0.623838021      0.109297466      0.849225737     1  1  1
  14      0.618079433      0.614068514      0.347900193     1  1  1
  14      0.627627791      0.612546911      0.869533448     1  1  1
  14      0.998263255      0.223209680      0.988020406     1  1  1
  14      1.003458613      0.240871647      0.487270024     1  1  1
  14      1.002868735      0.718951131      0.974432205     1  1  1
  14      0.987845979      0.719902768      0.497713707     1  1  1
  14      0.507880964      0.226613744      0.975744293     1  1  1
  14      0.498014181      0.240489444      0.486912345     1  1  1
  14      0.125260872      0.113425676      0.367595895     1  1  1
  14      0.127317803      0.117834656      0.861806506     1  1  1
  14      0.761231193      0.727140370      0.229077124     1  1  1
  14      0.754592292      0.733225538      0.743253943     1  1  1
 Force (-force, eV/Angstrom)
  14     -0.437684982     -0.006596910      0.257921599
  14     -0.018610759      0.213939188     -0.007824373
  14     -0.140182650      0.407034143      0.535268809
  14     -0.385250424     -0.040054897      0.039492022
  14     -0.397182872      0.178240691      0.446355160
  14      0.007365278     -0.376958174     -0.009909055
  14      0.451584654     -0.190755254     -0.059815444
  14     -0.255984203     -0.170355480      0.345120410
  14      0.181471951     -0.351121752      0.075693147
  14      0.589467381     -0.551292885     -0.506975569
  14      0.314620218     -0.393195578     -0.297016830
  14      0.752968473      0.310041212      0.046758293
  14     -0.578482477      0.706157626      0.233659625
  14     -0.788198925     -0.136475489      0.252062163
  14      0.023770440      1.065195932      0.196066601
  14     -0.061741665     -0.440763915     -0.178164379
  14      0.218989440      0.137830810     -0.365079167
  14     -0.215096634      0.070012831     -0.500246677
  14     -0.565074200      0.178142816     -0.562416000
  14      0.115024794     -0.135524777     -0.020622358
  14     -0.400185467     -0.470063415      0.205088307
  14      0.196559507     -0.242272148     -0.445390400
  14      0.284925557     -0.248137078     -0.537491950
  14      0.148301911     -0.458798738     -0.932792565
  14      0.565016545     -0.354488095     -0.014368744
  14      0.753258888     -0.623598048     -0.406647624
  14      0.044478190      0.145365117      0.259368340
  14      0.116283919      0.293451995      0.341748045
  14     -0.314631514     -0.041463005      0.155803164
  14     -0.114285374      0.391872634     -0.220831861
  14     -0.647940940     -0.020121797      0.282542991
  14      0.667702609     -0.161486233      0.316952231
  14      0.567920851     -0.552085706     -0.237927275
  14     -1.108495156      0.311602344      0.823072925
  14     -0.277022794      0.070708513      0.347032487
  14     -0.786613540      0.315246737      0.254479725
  14     -0.372059509      0.306161104      0.123058721
  14      0.021398892      1.074092764      0.507102016
  14      0.011351481      0.117938308      0.409760807
  14      0.498949473     -0.686168147     -0.104779131
  14      0.619142097     -0.269568975     -0.192836911
  14      0.285310499     -0.475312854      0.068907567
  14      0.873351999     -0.392911135     -0.316622972
  14     -0.135854327      0.084164798     -0.125695739
  14      0.249918584     -0.481846424     -0.398171451
  14     -0.483561997      0.798013451     -0.028029497
  14     -0.980244161     -0.040997609     -0.335454368
  14      0.216391346      0.203684390      0.065646083
  14     -0.308524601      0.338297877      0.432343374
  14     -0.130434974      0.239980456     -0.223760165
  14     -0.707453254      0.656230029      0.598801920
  14     -0.521471573      0.148953861     -0.506337054
  14     -0.525885149      0.663779195     -0.439347257
  14     -0.223161412      0.227181712      0.298275861
  14      0.091346343     -0.658232247     -0.057764102
  14      0.370071384      0.263551293      0.048478190
  14      0.177592906     -0.952857391     -0.654044585
  14     -0.354249339     -0.744682226      0.228490359
  14      0.859299666     -0.764204244     -0.734752692
  14      0.624775538      0.401538696     -0.085927368
  14      0.064492172      0.647075183      0.487681178
  14     -0.060904579      0.820820309      0.382209856
  14      0.656160368     -0.342219179     -0.168937517
  14      0.677206097     -0.011696208      0.610739104
 -------------------------------------------------
