       64 atoms,Iteration =   0, Etot,Ep,Ek =  -0.2178911044E+04  -0.2178911044E+04   0.0000000000E+00, Average Force=  0.79765E-01, Max force=  0.10953E+01
 Lattice vector (Angstrom), stress(eV)
   0.1113377688E+02    0.0000000000E+00    0.0000000000E+00     stress: -0.824239E-03  0.102353E-02 -0.698996E-04
  -0.2157778423E+00    0.1122319209E+02    0.0000000000E+00     stress:  0.102352E-02 -0.152459E-02  0.166555E-03
   0.5380118125E-01   -0.5867184465E-01    0.1099259361E+02     stress: -0.698984E-04  0.166556E-03  0.145539E-03
 Position (normalized), move_x, move_y, move_z
  14      0.124960425      0.353662939      0.114145037     1  1  1
  14      0.879933459      0.362028325      0.361049461     1  1  1
  14      0.867738041      0.357970267      0.866157737     1  1  1
  14      0.877838191      0.866445045      0.358079280     1  1  1
  14      0.875018904      0.862539057      0.858188735     1  1  1
  14      0.249659556      0.984593477      0.969489129     1  1  1
  14      0.238286141      0.980290335      0.483822125     1  1  1
  14      0.247190138      0.478631685      0.984890408     1  1  1
  14      0.250928901      0.488375396      0.494119058     1  1  1
  14      0.748859704      0.983725081      0.980632996     1  1  1
  14      0.751068831      0.989887448      0.487405447     1  1  1
  14      0.741514496      0.479159152      0.993750919     1  1  1
  14      0.369691546      0.345594669      0.861662892     1  1  1
  14      0.377127055      0.861943049      0.357793633     1  1  1
  14      0.382857893      0.854533889      0.864946012     1  1  1
  14      0.753163893      0.485668126      0.486377482     1  1  1
  14      0.383327364      0.605918703      0.615831918     1  1  1
  14      0.874273410      0.111039420      0.103060300     1  1  1
  14      0.873310490      0.109156713      0.621537577     1  1  1
  14      0.881441652      0.606315448      0.110866466     1  1  1
  14      0.877120823      0.614306490      0.612555166     1  1  1
  14      0.244266437      0.227446842      0.242187612     1  1  1
  14      0.243232223      0.228127326      0.729937837     1  1  1
  14      0.248999902      0.743630635      0.231958907     1  1  1
  14      0.259684389      0.734829413      0.732918025     1  1  1
  14      0.749982127      0.232380359      0.236219048     1  1  1
  14      0.740575929      0.241779107      0.732947136     1  1  1
  14      0.365505171      0.103100464      0.115495037     1  1  1
  14      0.372405121      0.098416754      0.607619115     1  1  1
  14      0.374158252      0.604087685      0.122752650     1  1  1
  14      0.364459950      0.359655226      0.365416947     1  1  1
  14      0.502849087      0.728496602      0.474968892     1  1  1
  14      0.499186531      0.730660409      0.996425447     1  1  1
  14      0.127739848      0.853283448      0.616207625     1  1  1
  14      0.617758380      0.348112405      0.113212591     1  1  1
  14      0.620789689      0.360220969      0.604704425     1  1  1
  14      0.636341718      0.850792216      0.114781829     1  1  1
  14      0.631599100      0.849583009      0.608866319     1  1  1
  14      1.000674946      0.993931873      0.228190006     1  1  1
  14      1.000971881      0.984006113      0.731008558     1  1  1
  14      1.008083973      0.490302986      0.238182188     1  1  1
  14      0.994472589      0.489106374      0.741663914     1  1  1
  14      0.501085691      0.979713158      0.226837277     1  1  1
  14      0.502970307      0.981224870      0.722240836     1  1  1
  14      0.493567512      0.476030432      0.243233771     1  1  1
  14      0.118234428      0.360608882      0.615333400     1  1  1
  14      0.125972298      0.866203640      0.102601810     1  1  1
  14      0.497121207      0.473655537      0.738975740     1  1  1
  14      0.134593682      0.617532160      0.367161759     1  1  1
  14      0.129116270      0.618754838      0.864885062     1  1  1
  14      0.616879280      0.109660101      0.363485647     1  1  1
  14      0.622405671      0.104474711      0.858669968     1  1  1
  14      0.630721155      0.603691774      0.358072002     1  1  1
  14      0.617262036      0.598557111      0.871311207     1  1  1
  14      0.999654120      0.235847566      0.978877268     1  1  1
  14      0.993739343      0.238957924      0.486786849     1  1  1
  14      0.996453236      0.739905574      0.984499235     1  1  1
  14      1.000893014      0.739375110      0.479938601     1  1  1
  14      0.493175808      0.222794292      0.989284275     1  1  1
  14      0.488878014      0.236452267      0.481818958     1  1  1
  14      0.115914049      0.108341862      0.368516307     1  1  1
  14      0.121803713      0.108181850      0.857748438     1  1  1
  14      0.758851983      0.730977070      0.237355268     1  1  1
  14      0.750739514      0.731731176      0.744131030     1  1  1
 Force (-force, eV/Angstrom)
  14      0.123218583     -0.317755606      0.158475578
  14      0.549179239     -0.083871109      0.273393934
  14     -0.073709981     -0.509568787      0.459072503
  14      0.013755005      0.015649578     -0.049895827
  14     -0.022611652      0.242815209     -0.178319400
  14     -0.127925878      0.100774769     -1.083544414
  14     -1.095284982      0.111269813      0.033447172
  14     -0.320581477     -0.504973324     -0.258308755
  14      0.453346856      0.254318755      0.148597130
  14     -0.015526220      0.057781680     -0.268190710
  14      0.190650919      0.472707186      0.091975390
  14     -0.596367520     -0.035849968     -0.110153933
  14     -0.028097405     -0.455927280      0.004712846
  14      0.277965669      0.129788719     -0.302971682
  14     -0.129341516     -0.453623026      0.692960988
  14      0.027074018      0.037508320     -0.016768393
  14      0.078330376     -0.142317618      0.329769990
  14      0.213815004     -0.098361932     -0.395399935
  14      0.224615832     -0.636684373      0.998175480
  14      0.400864209     -0.001477140      0.041400196
  14      0.148203081      0.225300737      0.030927873
  14      0.003350108     -0.348147243      0.231322906
  14     -0.463326061     -0.121681876      0.048428587
  14     -0.044382949      0.528058288     -0.035316828
  14      0.271638905      0.241977963     -0.563990308
  14      0.035826442     -0.017642463     -0.081948209
  14     -0.487559918      0.787030277     -0.490673160
  14     -0.299521241      0.108092413      0.439397993
  14      0.431235558     -0.848117213      0.098566432
  14      0.417657273     -0.047289683      0.828536522
  14      0.006771846      0.243044828     -0.042789945
  14     -0.028145979     -0.299018992     -0.746075311
  14     -0.177529990      0.282331987      0.266440529
  14      0.304377903     -0.269154626      0.468699053
  14      0.039546299     -0.484929547     -0.425453026
  14      0.023315757      0.042584319     -0.105543655
  14      0.659303458     -0.563629798      0.439804579
  14      0.286363066     -0.389085999      0.259483014
  14      0.168286421      0.665229644     -0.064379965
  14      0.127499458      0.283838144     -0.363890085
  14     -0.007727733      0.422275533     -0.008397103
  14     -0.436918629     -0.017956235     -0.059876022
  14     -0.212802697     -0.246854990     -0.641120543
  14     -0.008372147      0.571184678     -1.049287379
  14     -0.701349829     -0.183139056      0.599519421
  14     -0.219121444     -0.272859510      0.027689870
  14      0.164913172      0.134879362     -0.416563407
  14     -0.071344957     -0.348488793     -0.097380627
  14      0.477210044      0.299947814      0.474941781
  14      0.186161015      0.987248210      0.235298146
  14     -0.545569273      0.074518025      0.366550941
  14      0.277549167     -0.288572297      0.162778979
  14      0.225659841      0.023323341      0.066597969
  14     -0.423950815     -0.688604144      0.585844067
  14      0.128612045      0.089571795     -0.491644854
  14     -0.099271664      0.466465234     -0.542036567
  14     -0.329094475      0.206240058      0.003435530
  14      0.106201494      0.140858899     -0.684509382
  14     -0.088967984     -0.233710902      0.360463621
  14     -0.423450544      0.513185906     -0.386768129
  14     -0.151615780     -0.246419903      0.302390049
  14     -0.021261668     -0.105328421      0.172106280
  14      0.074701644      0.035826985     -0.051757079
  14      0.533532704      0.465413385      0.311749287
 -------------------------------------------------
